$ANSIBLE_VAULT;1.1;AES256
32323637393530373566346533646637326165653639363934393037323637646366616166303433
6131343365663433353636383531346566323731363762330a626331626633343366363137323765
62303833633537666139613861303631653932393437613639393836653265323132326237623736
3637303431306233370a303136666233643431326138626335316634366333623565663635636533
65383837626461323361303133386364313939636362653866663630373439323734326435343234
65663363343430376163396433616438636239363936656666383336323136616134363964313535
33333265663734363537333064653530323031396533653930323765303537313630303030363731
66353665346636616530383233333239613633363662666534316466653065623132373263633931
32363262633134636663626432653836626138303135393539646337643561633662353463376633
38363066643536316237356339316234653966656130623134313134376631366439613266616234
65616462396162646339653034616534626233316538633131343937653833616531393965663733
32303939396636346261383065626234636130336264653564646134626563616532393363386264
30613434616438623831653062323735343630306566643438623431616136316561396633623664
31336165366332366164343839613966636135663161386330316333343362326230383337343237
33306637353538643437316130616266323762393162386530653332373532323762626330396235
38666661616561343237613239386561383339353133646663653732633765353334343239636132
34666266663030353433616130656365346563623961323566653839323565313563356430653634
63363331346161323036383661323634613730653935396131653731643061326262373935396537
61326136373832666235626337343065333036343639356631326165373766666235346234396464
63363231326366316236663463326265333463613138623664346636353432336630396335363137
31613266326130373733613463396337626334366365616330616664363035623861643233623362
31363065656663386438616638616436393530363362353164666639643165666363663231346232
65663762353433323166613336633039323030376462316633373238336332356665303763353337
65336466393238326136613437333466333364663031663735656434333537313163613633633536
30623139333130346162396332643132336236316436373634646232396531383134656530646562
37376532346436633831616365323534613239383762656662386637613531346536393463346162
646538633037343234396661323638393663
